2.344298868339141393e+02
2.026243965830265665e+02
1.776150976667460384e+02
1.380517791483497092e+02
9.795269907447766400e+01
8.251203697037063023e+01
6.343051694214815228e+01
5.727972873542675103e+01
4.616633146716119285e+01
3.991036504006219587e+01
3.460963908952692236e+01
3.177590167495275963e+01
2.809215818177287005e+01
2.440431566610860514e+01
2.270777985264244947e+01
2.090124125284152257e+01
1.826774814777512645e+01
1.687125980411381221e+01
1.539303115247977694e+01
1.409400737715926155e+01
1.316018405603251473e+01
1.261131193295745234e+01
1.140449441782987350e+01
1.008397998300548615e+01
9.696038860000978588e+00
9.175103601510651075e+00
8.225465203641508793e+00
7.938270762598522268e+00
7.433536198698095454e+00
6.838660852662758138e+00
6.486076635385447986e+00
5.968148737456584918e+00
5.556108230331625819e+00
5.152477024358626423e+00
4.835859458581352577e+00
4.592815970638599588e+00
4.377598544158563421e+00
3.977841031003133576e+00
3.844206208226907506e+00
3.441329309704537209e+00
3.411799071652046322e+00
3.127419115282425999e+00
2.941319880680559606e+00
2.827351289556775615e+00
2.544419964663938494e+00
2.444544133991476631e+00
2.288633569044645544e+00
2.086494640060207573e+00
2.028059122779911849e+00
1.942369495831886450e+00
1.756918511639632863e+00
1.708039236718108977e+00
1.599330305584933942e+00
1.499185157191967654e+00
1.461594890668362678e+00
1.272405903873368826e+00
1.236826718747837450e+00
1.163839121500503282e+00
1.143815301704849352e+00
1.019999666040046549e+00
9.913461037679199839e-01
9.441409214743694545e-01
8.569217126336856616e-01
7.933339989291503525e-01
7.839278582348384594e-01
7.433873127202959008e-01
6.797612989380253934e-01
6.377949656823969082e-01
5.917976810855235525e-01
5.581014382191593626e-01
5.248996749014627206e-01
5.160135804768349876e-01
4.754801251413121044e-01
4.614162248757775475e-01
4.147238792963103271e-01
3.849666978021581420e-01
3.725614185305490267e-01
3.642282650926111365e-01
3.267215656919867928e-01
3.201890819300282631e-01
2.942831804154528164e-01
2.848352136258918699e-01
2.698647617337598947e-01
2.646469869939612751e-01
2.515669587000279317e-01
2.403004905968583182e-01
2.278658804488548351e-01
2.146723435373764088e-01
2.001165448208006015e-01
1.803382678632723946e-01
1.790025479497594496e-01
1.597131821107916350e-01
1.536719013211390872e-01
1.437293504682875533e-01
1.277264394925523849e-01
1.106563074323070189e-01
1.018887284307396918e-01
9.465748874460759577e-02
6.335562483844288384e-02
4.264185576752774209e-02
4.704571938568519718e-14
4.304130218283408801e-14
3.621253985421256749e-14
3.431944237250620810e-14
3.423149702153555398e-14
3.389767057652966751e-14
3.251522479783600126e-14
3.186046345516067085e-14
3.100255781172097168e-14
3.062014906309819891e-14
2.955820706718088730e-14
2.947725897957873157e-14
2.868096094241495997e-14
2.847926382672019771e-14
2.822476280063492202e-14
2.787265264773462117e-14
2.709527797529912811e-14
2.687032273869485040e-14
2.642795072082841173e-14
2.590143611611969003e-14
2.552128673422744091e-14
2.534962631943105928e-14
2.474025628073929687e-14
2.414434820333965042e-14
2.389724658318731495e-14
2.375580354305100094e-14
2.336748068595345269e-14
2.279493495227065694e-14
2.274936494738472735e-14
2.214316295264804606e-14
2.194883038245527244e-14
2.169903690979135559e-14
2.146664155973530975e-14
2.110349623604681738e-14
2.081349127082182215e-14
2.057240880180198822e-14
2.014210106622433999e-14
1.985574341192785107e-14
1.978099166944342243e-14
1.941473134805603649e-14
1.918878909142845367e-14
1.887519221554183320e-14
1.868419606874512355e-14
1.857317240977906686e-14
1.846638808278544522e-14
1.799863717802929120e-14
1.773829392271707345e-14
1.768596982442243130e-14
1.737921975933413125e-14
1.729755116620419085e-14
1.682799626109517913e-14
1.675538779853675127e-14
1.648357109218604593e-14
1.637921767424163484e-14
1.630186949807667356e-14
1.619521628721000209e-14
1.579345082635100095e-14
1.546286350142121805e-14
1.543959966009285320e-14
1.525628564972506072e-14
1.513068981088199518e-14
1.494095957791944069e-14
1.482594419376956681e-14
1.456201745041947637e-14
1.433487330374079139e-14
1.412904310974658865e-14
1.403694698732664505e-14
1.376840530637159569e-14
1.363445968162297673e-14
1.350260037077346833e-14
1.316796516025987697e-14
1.301572831169551777e-14
1.270328784854618474e-14
1.255899735670893506e-14
1.235321972410432185e-14
1.227181910011600836e-14
1.189436304103206881e-14
1.171655492555509198e-14
1.148783935065755446e-14
1.127932624342755813e-14
1.119255945858564091e-14
1.064850273508954328e-14
1.036470869110787999e-14
1.034704070111391664e-14
1.011893408399649220e-14
9.861628764526121290e-15
9.680296806799445883e-15
9.397099502169775808e-15
8.874115280406236530e-15
8.784474911387250200e-15
8.511585540841641953e-15
8.113294714286527852e-15
8.023890699756860627e-15
7.400849612678770098e-15
7.053183101752940631e-15
6.809787498710796394e-15
5.712124863670162868e-15
2.409317851366598832e-15
1.991987114253010233e-15
1.668815970581268942e-28
