2.462718087994634857e+02
2.354208285656010275e+02
2.265359285588982914e+02
2.085966940450371112e+02
1.889322636383714098e+02
9.894682229092143189e+01
9.168535018523796509e+01
8.651781950205500493e+01
7.637143689448988937e+01
6.785652942947594113e+01
5.925006372597173510e+01
5.610666699730911944e+01
4.794404212332263882e+01
4.282205262031684612e+01
3.840949271769086693e+01
3.320380742766486293e+01
2.866373613430865319e+01
2.257509100462317519e+01
1.806424367864282132e+01
1.524490565553601229e+01
1.452423528038915634e+01
1.322038900656436944e+01
1.290877823871319663e+01
1.142849848767970933e+01
1.106656446114255132e+01
1.022769822775518556e+01
9.841413698974635693e+00
9.461048130611278140e+00
8.084897216831055999e+00
7.322958004984566394e+00
6.851616933697590284e+00
6.226541695446536906e+00
5.896612000606824999e+00
5.510194823532631681e+00
5.174879168442595656e+00
4.697721341761962321e+00
4.043177274495248774e+00
3.941354506599215046e+00
3.806504656603718395e+00
3.466372512197969602e+00
2.976424438103063785e+00
2.908664620841927118e+00
2.654277487239120159e+00
2.263008756161515311e+00
2.114677339992846239e+00
1.987275449171746144e+00
1.929192234266845940e+00
1.905194174378875394e+00
1.705084190118830056e+00
1.604384359195609067e+00
1.510167485674589472e+00
1.349718856180377236e+00
1.193291493289215355e+00
1.089676070720573708e+00
9.490480186157630449e-01
8.853693124299946149e-01
8.279676341263578765e-01
6.944036737579351026e-01
6.819800989770303801e-01
5.954509066251855165e-01
4.948033179845879870e-01
4.802676114432400944e-01
4.243198836102620719e-01
3.778846371430660822e-01
3.448321110030947989e-01
2.944290215258998367e-01
2.863310851855328520e-01
2.592056827830891419e-01
2.537159007660109156e-01
2.458730053335908550e-01
2.092183805804776753e-01
1.831716272100437914e-01
1.767703441322998059e-01
1.679378204051091006e-01
1.434868061846293896e-01
1.418916940194486775e-01
1.349722550527525655e-01
1.201745031608409814e-01
1.182882531824250572e-01
1.067224401195610434e-01
9.610743312879056754e-02
9.149533888986323416e-02
8.975717233060628852e-02
8.703173750446306645e-02
8.363570825195611180e-02
8.200755432669781797e-02
7.778191021793415261e-02
7.626915844228877861e-02
7.410043483125050567e-02
6.893710773890154853e-02
6.619620174873275253e-02
6.367130047235344814e-02
6.210108946377795869e-02
5.914968413305319445e-02
5.838642619384303706e-02
5.751236064418858984e-02
5.512063063190912604e-02
5.429145757590418675e-02
5.282500007095920075e-02
5.139295350514554855e-02
5.002902702347018088e-02
4.956382239663983946e-02
4.849265965632445358e-02
4.820090329350190661e-02
4.654429989230306902e-02
4.497373887744149368e-02
4.443464618421719831e-02
4.296296658609735641e-02
4.214915255117911846e-02
4.140730342245432100e-02
3.979405934613249735e-02
3.870456063598666507e-02
3.779374744493361332e-02
3.664172796651039843e-02
3.618428906116249316e-02
3.557676220158311614e-02
3.535432292507102725e-02
3.459035623061398890e-02
3.313318302616642674e-02
3.281045890547941435e-02
3.202262111832566982e-02
3.098420417015260511e-02
2.958372787419502950e-02
2.908279745888580486e-02
2.866185162529481106e-02
2.806815018808609882e-02
2.727714888104121674e-02
2.609439559928278252e-02
2.567598540232431809e-02
2.515752436677270651e-02
2.495278766747187349e-02
2.441627559070524284e-02
2.351386666169805878e-02
2.306397095035554387e-02
2.220249858290098202e-02
2.215053525405559151e-02
2.107082497426245732e-02
2.001848724673943591e-02
1.931893249224535952e-02
1.876857374403170450e-02
1.755582705153612214e-02
1.740919308969807872e-02
1.692576207905966551e-02
1.677548766256220514e-02
1.660386114204753100e-02
1.614468502892644694e-02
1.574089505604847269e-02
1.459993826835223781e-02
1.423710966209708155e-02
1.374285465341871029e-02
1.351071614295333741e-02
1.277403181587601425e-02
1.253112787420351468e-02
1.212761224918811227e-02
1.188958855677571015e-02
1.161734999632885700e-02
1.081349354471077516e-02
1.007675279182959974e-02
1.000483660218083777e-02
8.918969595883606896e-03
8.686333899991450364e-03
8.428477624304021865e-03
8.096106299414877056e-03
8.037959890682819936e-03
7.771695588255561789e-03
7.388630147373842494e-03
7.267541000599413506e-03
6.763506104711338417e-03
6.645604449135596170e-03
6.475334377062194960e-03
6.128415861389758038e-03
5.708246888680773221e-03
5.563770291950878404e-03
5.363930746971719114e-03
5.167757661032263902e-03
5.030751073769161759e-03
4.941393126676201300e-03
4.607841010564697228e-03
4.444374526935320965e-03
4.302874017229186762e-03
4.155742358598111738e-03
3.987542769456147405e-03
3.860602778000990758e-03
3.656821485914705377e-03
3.630605036887409216e-03
3.468966339869172712e-03
3.379878166648139087e-03
3.239981809851636557e-03
3.173160296575190144e-03
3.100717150941591921e-03
2.902096370924026579e-03
2.655626189920988998e-03
2.630827797875997989e-03
2.557533745949227590e-03
2.443457220689040834e-03
2.303264486575008329e-03
2.224096792044084892e-03
2.149774407926074125e-03
2.110503641000926502e-03
2.085798712287629739e-03
1.979880556274802531e-03
1.889865492168593545e-03
1.775371279983749273e-03
1.690736650665988078e-03
1.668434035842240957e-03
1.609689370733327369e-03
1.529289873180307222e-03
1.473321588347963106e-03
1.433837862182778819e-03
1.405398024585946103e-03
1.354992991007297016e-03
1.329714372873237347e-03
1.299852092007788970e-03
1.240079930870030414e-03
1.204281277603434352e-03
1.174235511798871548e-03
1.145200454447961981e-03
1.061955204919008038e-03
1.045756302552601361e-03
1.018538879814064524e-03
9.942295792207064570e-04
9.530717250039873970e-04
9.095110721733667839e-04
8.924727123454289030e-04
8.712900333389808150e-04
8.199577966413166717e-04
7.974413672559611810e-04
7.574150033886923195e-04
7.377866291816541919e-04
7.035585596861052568e-04
7.020782354039806737e-04
6.724937700321141631e-04
6.567158759114917650e-04
6.420962098438634091e-04
6.186299029161016838e-04
6.058624663316562135e-04
5.729025138760011297e-04
5.474299845533762109e-04
5.314136944397019257e-04
5.233519922562101644e-04
5.085147709415238941e-04
4.853293535212800137e-04
4.686089581873130461e-04
4.545973145533897353e-04
4.382399018624917402e-04
4.238099882189426382e-04
4.047383111079360979e-04
4.027291253820284894e-04
3.925781633670577097e-04
3.779096805264572380e-04
3.683762715393540019e-04
3.546035894917706570e-04
3.344693320730698330e-04
3.224994193035022553e-04
3.136832522305864996e-04
3.122041708713300056e-04
2.999014739479438662e-04
2.968735559734973989e-04
2.847619823708696213e-04
2.746126073770477783e-04
2.602526000643125173e-04
2.547566377226792144e-04
2.486457187760645216e-04
2.426965404726134771e-04
2.366494472925061382e-04
2.285254706937425934e-04
2.250764426256912241e-04
2.236022952135894052e-04
2.135450975006352673e-04
2.021032875048207314e-04
1.972102286182727952e-04
1.928734224010279546e-04
1.805022388710334684e-04
1.777344253216160100e-04
1.757768762211245664e-04
1.694424625324101675e-04
1.652820267167397629e-04
1.617245866817247657e-04
1.531621481240382171e-04
1.461864693476207992e-04
1.400184256280363965e-04
1.368490116136488485e-04
1.333574898647350295e-04
1.293378464427995711e-04
1.253559054115343564e-04
1.217724562151361971e-04
1.186513512257546292e-04
1.140266220914059854e-04
1.077533066222388669e-04
1.055975853706024668e-04
1.044306527364395533e-04
1.033155678835338131e-04
9.898438647634993232e-05
9.424919028541067702e-05
9.131808329434591687e-05
8.909006390261082586e-05
8.444664393387152715e-05
8.344633515035438244e-05
7.957317440030573928e-05
7.500120636857237288e-05
7.411759524684266977e-05
6.986910421637194653e-05
6.946337616459049300e-05
6.732677193387861993e-05
6.639781199182349198e-05
6.239811283939286689e-05
6.092463968727752856e-05
5.925690028339540978e-05
5.647930957576535814e-05
5.546740988529952565e-05
5.365600330908076811e-05
5.023570318419442169e-05
4.774458669843321929e-05
4.583678920206929583e-05
4.475669592480170276e-05
4.302299132368358478e-05
4.095564144226078099e-05
4.068648023917118028e-05
3.789070457374467578e-05
3.599248778585484320e-05
3.474357661451965025e-05
3.340740337112515097e-05
3.183016754898287183e-05
3.143028842162216586e-05
2.955065585468996084e-05
2.879477535651278524e-05
2.776458337276343030e-05
2.682222938026061328e-05
2.615668255115994155e-05
2.494891908217203798e-05
2.360493256954619291e-05
2.276216077165816963e-05
2.154860267563665823e-05
2.020405397568443125e-05
1.921334982054793652e-05
1.855301141916753898e-05
1.821390542956719476e-05
1.696893064723716855e-05
1.666265198032146385e-05
1.584476462746923678e-05
1.467470525573058580e-05
1.455422204317437438e-05
1.406765966997307328e-05
1.263984199905850804e-05
1.208267153776794796e-05
1.175386726081353751e-05
1.113628221613039000e-05
1.068385314042108226e-05
1.019800763201521967e-05
9.514722739277029900e-06
9.382306894425267038e-06
8.720708213616836746e-06
8.245314415423380896e-06
7.882599912659681357e-06
7.245748517368837593e-06
7.074787769620329242e-06
6.793299833105813433e-06
6.398697650660462064e-06
5.998268740657331791e-06
5.773050235001221257e-06
5.576450479257505142e-06
5.459509347664561843e-06
5.247919786213673976e-06
4.948263059545049243e-06
4.536963371233245069e-06
4.338857718519491464e-06
4.278025017577816194e-06
3.772342278390076163e-06
3.569526840486809992e-06
3.477807391535286915e-06
3.204605088843453832e-06
3.174311791165516523e-06
3.024464601037472135e-06
2.990614397700056881e-06
2.724894985707386722e-06
2.597989403825014898e-06
2.525707688308903341e-06
2.316762468108439071e-06
2.157592882871264983e-06
2.152423510430908398e-06
1.965327619147819083e-06
1.949919484697581303e-06
1.915302257994892858e-06
1.817392069182016460e-06
1.654677497427598554e-06
1.582618050121333168e-06
1.519997779095036404e-06
1.503707152195035055e-06
1.424932931387331259e-06
1.317766971755326435e-06
1.248578722231822433e-06
1.201404329452691019e-06
1.098399160416333064e-06
9.399735653171575446e-07
8.622210316332121143e-07
7.995954626906445024e-07
5.657711939818723898e-07
4.635076948757273518e-07
4.062331851545475849e-07
3.124410012473007339e-07
4.003211898706798659e-14
